100 0
101 0
102 0
103 0
104 0
105 0
106 0
107 0
108 0
109 0
110 0
111 0
112 0
113 0
114 0
115 0
116 0
118 0
119 0
120 0
121 0
122 0
123 0
125 0
126 0
129 0
134 0
135 0
136 0
137 0
139 0
140 0
142 0
143 0
144 0
145 0
147 0
148 0
150 0
151 0
152 0
153 0
155 0
156 0
157 0
159 0
160 0
161 0
163 0
164 0
165 0
166 0
167 0
168 0
169 0
170 0
172 0
173 0
174 0
175 0
176 0
177 0
178 0
179 0
180 0
181 0
182 0
183 0
184 0
185 0
186 0
187 0
188 0
189 0
190 0
191 0
192 0
193 0
194 0
195 0
196 0
197 0
198 0
199 0
149 1
154 1
158 1
162 1
131 1
138 1
171 1
127 1
117 1
124 1
130 1
132 1
141 1
146 1
128 1
133 1
